107.1
27.8
160.8
157
102.2
59.5
76.3
169.5
54.1
39.3
134
494.1
246
5.6
18.6
33.6
160.8
94
190
262.2
170.8
212.7
228.8
370.6
251.2
470.4
361.3
153.1
186.5
255
127.2
102.7
186.7
187.5
127.7
277.4
111.1
79.3
88
110.5
70.1
37
131.8
56.9
110.7
169
179.4
340.1
308.2
26.7
353.4
150
145.1
122.9
109.7
72.9
396
227.3
256.7
367.2
568.6
86.9
132.5
72.5
270
126.6
80.9
191.9
129.9
22.6
347.6
72.8
237.5
158.1
186.8
109.6
229.6
252.2
305.4
80.1
440.4
134.6
401.4
62.9
189.7
52.4
305.9
198.6
194
117.6
157.6
201
247.3
111
508.4
179.7
147.4
24.1
94.2
52.4
180.1
112.6
124
146.6
204.5
56.4
180.4
201.1
123.9
45.5
92.4
134.2
256.4
88.7
37.3
226.2
123.1
52
205
492.3
83.9
62.4
67.6
160.3
63.1
162.8
290.8
76.1
83.6
233.2
474.3
502.7
176.4
69.2
250.5
283.9
129.9
115.5
240
106.8
61.7
175.5
250.8
308.5
56.9
133.5
288.2
154
169.6
184.7
53.8
45.1
23.7
84.7
322.2
425.4
349.4
334
67.7
242.3
84.4
63.7
173.6
211.6
29.5
101.1
372.8
302.5
173.2
180.2
129.7
178.2
107.5
265.8
162.3
258.4
297
300
180.2
185.5
15.4
105.4
34.3
118.4
41.6
78.9
18.6
86.6
31.1
78.4
158.3
351.9
268.8
32.5
58.8
187.7
370.8
198.8
259.2
195
258.2
222.7
107.2
463.4
193.9
67.4
181.4
88.5
157.1
103.4
225.4
204
125.9
205
241.5
340.5
275.2
237.8
238.3
311.6
96.8
157.5
116.1
113.5
81.1
120.9
385.7
236
425.8
86.6
297.3
203.3
164.9
137.1
111.3
158.3
162
252.2
175.3
609
221.2
50.8
55.6
116.5
236.6
83.1
233.7
54.2
124.2
10.8
307.2
255
444.2
172.9
154.6
159.9
81.8
50.3
170.4
193.6
205.3
351.4
133.8
273
600.9
31.9
269.4
57.1
137.6
127.2
166.6
185.2
128.9
125.6
166.2
139.8
163.2
8.4
82.4
81.7
331.1
82.3
104
58.5
175.7
314.5
362.9
166
454.4
115.5
83.1
239.8
205.7
236.8
153.8
127.3
83.3
102
185.6
765.9
450.1
105.5
269.1
240.2
127.2
139
141.7
190.7
149
237.2
367.9
468.6
262.6
129.2
294.1
87.2
124.9
118.3
89.1
327.3
164.4
159.5
324.3
244.2
38.3
201.8
223.3
183.7
198.6
21.8
161
177.8
109.6
133.4
281.8
189.8
69.5
6.3
238
158.5
157.5
240.5
298.5
158.4
121.5
166.2
278.8
181.4
513.2
23
256.6
217.8
127
213
76.6
81.4
136.4
216.8
377.8
284.6
106.1
83.6
313.4
260.6
292
53
130.8
119
107.6
122.2
208.2
363.4
262
395.2
85.8
159.4
211.4
111.4
174.6
165.6
257
285.4
292.4
348.2
75.4
0.2
66
110
125.8
71.4
148.6
241
83.6
120
250.8
245.6
79.6
18.8
84.4
73.2
89
95.8
116.8
185.8
61.6
87.2
72.6
302.3
126.6
186
6.2
89.8
193.8
162.8
168.6
139.2
118.9
181
290.2
292.6