27
45
19
23
13
38
23
7
16
32
36
46
31
8
11
8
16
45
29
44
11
34
31
12
14
16
11
43
37
1
41
2
48
20
50
39
44
28
22
48
34
27
36
40
20
45
47
8
41
35
25
48
32
18
34
16
50
43
12
33
7
15
4
18
4
43
24
9
39
44
40
49
38
39
49
43
16
14
14
23
4
29
36
24
38
9
35
36
4
1
11
29
10
21
19
49
3
33
35
43
21
29
31
41
20
31
9
1
5
43
2
40
7
25
14
26
42
3
18
30
5
17
20
6
42
33
26
43
9
24
44
48
34
37
19
42
25
45
7
47
47
31
25
38
15
36
13
44
36
42
26
38
11
7
45
1
2
25
24
31
20
19
22
42
31
17
49
2
49
11
20
22
35
34
25
7
46
28
16
25
9
49
41
10
4
25
31
28
1
4
32
11
22
1
7
3
11
24
14
10
28
23
20
19
41
27
48
48
9
21
28
38
2
11
46
49
22
2
24
32
8
40
31
7
18
40
27
44
45
41
48
35
1
18
28
8
12
31
41
46
32
46
29
24
31
6
22
29
41
47
1
25
4
15
50
9
33
50
35
13
46
20
8
18
31
46
40
26
4
24
41
49
15
11
40
6
18
10
33
36
40
2
16
46
34
14
26
25
27
7
44
40
5
4
1
35
17
11
49
36
22
52
54
97
56
59
88
57
70
63
67
95
84
60
75
90
85
89
63
66
75
82
79
93
78
92
67
93
69
83
85
73
66
86
62
96
66
65
76
80
98
66
62
67
93
58
68
94
93
78
72
67
94
62
74
75
68
77
77
90
78
67
77
56
63
57
81
57
61
76
64
92
72
67
62
59
65
57
65
72
59
65
69
96
70
56
92
75
79
64
82
87
82
76
80
71
93
74
77
68
97
88
92
97
85
75
73
78
84
79
60
85
89
67
93
72
67
67
85
83
61
68
56
95
92
69
92
89
93
79
94
68
78
83
82
94
69
87
80
57
56
87
99
67
81
73
99
57
69
82
76
75
86
81
97
87
83
98
68
68
88
73
100
98
58
57
69
68
79
97
83
78
68
67
76
85
74
85
59
79
100
66
61
67
96
100
77
94
70
62
86
58
76
95
75
55
70
77
92
95
83
71
70
83
83
64
100
67
95
71
91
66
62
71
90
57
73
99
90
60
58
92
85
61
77
65
78
62
87
97
59
94
60
93
79
88
56
90
85
73
63
70
72
75
97
59
62
70
79
57
73
99
95
79
89
67
85
82
94
81
94
89
56
71
56
93
66
77
60
89
94
72
76
58
65
84
89
90
78
65
71
59
77
80
98
89
67
91
67
55
100
93
65
65
78
60
82
68
68
82
64
65
63
66